#Layer_Color=16711935
#
#Feature symbol names
#
$0 r3.937
$1 r2

#
#Feature attribute names
#
@0 .nomenclature
@1 .string
@2 .string_angle

#
#Feature attribute text strings
#
&0 ANTENNA AREA
&1 CUTOUT POLYGON

#
#Layer features
#
A 0.8503936 1.6279528 0.8503936 1.6279528 0.8307086 1.6279528 0 P 0 N
A 1.0570866 2.1082677 1.0570866 2.1082677 1.0374016 2.1082677 0 P 0 N
A 1.4724409 2.1299213 1.4724409 2.1299213 1.4527559 2.1299213 0 P 0 N
A 1.6555118 1.1614174 1.6555118 1.1614174 1.6358268 1.1614174 0 P 0 N
A 2.0531495 2.0610236 2.0531495 2.0610236 2.0334645 2.0610236 0 P 0 N
A 2.5137794 2.3720473 2.5137794 2.3720473 2.4940944 2.3720473 0 P 0 N
A 2.6141732 1.4409449 2.6141732 1.4409449 2.5944882 1.4409449 0 P 0 N
A 3.9744094 1.4370078 3.9744094 1.4370078 3.9547244 1.4370078 0 P 0 N
L 0.4901576 2.5507874 0.4901576 2.665748 0 P 0
L 0.4901576 2.5507874 0.6712599 2.5507874 0 P 0
L 0.4901576 2.665748 0.6712599 2.665748 0 P 0
L 0.6712599 2.5507874 0.6712599 2.665748 0 P 0
L 0.718504 2.1712598 0.718504 2.238189 0 P 0
L 0.718504 2.1712598 0.8366142 2.1712598 0 P 0
L 0.718504 2.238189 0.8366142 2.238189 0 P 0
L 0.7200788 2.3277303 0.7200788 2.5088326 0 P 0
L 0.7200788 2.3277303 0.8350394 2.3277303 0 P 0
L 0.7200788 2.5088326 0.8350394 2.5088326 0 P 0
L 0.7480315 1.5452756 0.7480315 1.6633858 0 P 0
L 0.7480315 1.5452756 0.8661417 1.5452756 0 P 0
L 0.7480315 1.6633858 0.8661417 1.6633858 0 P 0
L 0.7893701 0.7913386 0.7893701 1.1968505 0 P 0
L 0.7893701 0.7913386 1.6712599 0.7913386 0 P 0
L 0.7893701 1.1968505 1.6712599 1.1968505 0 P 0
L 0.8267717 2.0196851 0.8267717 2.0748032 0 P 0
L 0.8267717 2.0196851 0.9448819 2.0196851 0 P 0
L 0.8267717 2.0748032 0.9448819 2.0748032 0 P 0
L 0.8350394 2.3277303 0.8350394 2.5088326 0 P 0
L 0.8366142 2.1712598 0.8366142 2.238189 0 P 0
L 0.8661417 1.5452756 0.8661417 1.6633858 0 P 0
L 0.9448819 2.0196851 0.9448819 2.0748032 0 P 0
L 1.0019685 2.0728346 1.0019685 2.1948818 0 P 0
L 1.0019685 2.0728346 1.1633858 2.0728346 0 P 0
L 1.0019685 2.1948818 1.1633858 2.1948818 0 P 0
L 1.1633858 2.0728346 1.1633858 2.1948818 0 P 0
L 1.4173228 2.0078741 1.4173228 2.1653544 0 P 0
L 1.4173228 2.0078741 1.6141732 2.0078741 0 P 0
L 1.4173228 2.1653544 1.6141732 2.1653544 0 P 0
L 1.6141732 2.0078741 1.6141732 2.1653544 0 P 0
L 1.6712599 0.7913386 1.6712599 1.1968505 0 P 0
L 1.9980315 1.9783465 1.9980315 2.0964567 0 P 0
L 1.9980315 1.9783465 2.1161417 1.9783465 0 P 0
L 1.9980315 2.0964567 2.1161417 2.0964567 0 P 0
L 2.1161417 1.9783465 2.1161417 2.0964567 0 P 0
L 2.1318897 0.5049213 2.1318897 0.5348426 0 P 0
L 2.1318897 0.5049213 2.1988188 0.5049213 0 P 0
L 2.1318897 0.5348426 2.1515747 0.5348426 0 P 0
L 2.1318897 0.5446851 2.1318897 0.5655512 0 P 0
L 2.1318897 0.5446851 2.1515747 0.5446851 0 P 0
L 2.1318897 0.5655512 2.1515747 0.5655512 0 P 0
L 2.1318897 0.5761812 2.1318897 0.5970473 0 P 0
L 2.1318897 0.5761812 2.1515747 0.5761812 0 P 0
L 2.1318897 0.5970473 2.1515747 0.5970473 0 P 0
L 2.1318897 0.6068898 2.1318897 0.6368111 0 P 0
L 2.1318897 0.6068898 2.1515747 0.6068898 0 P 0
L 2.1318897 0.6368111 2.1988188 0.6368111 0 P 0
L 2.1318897 0.9379921 2.1318897 0.9679134 0 P 0
L 2.1318897 0.9379921 2.1988188 0.9379921 0 P 0
L 2.1318897 0.9679134 2.1515747 0.9679134 0 P 0
L 2.1318897 0.9777559 2.1318897 0.998622 0 P 0
L 2.1318897 0.9777559 2.1515747 0.9777559 0 P 0
L 2.1318897 0.998622 2.1515747 0.998622 0 P 0
L 2.1318897 1.009252 2.1318897 1.0301181 0 P 0
L 2.1318897 1.009252 2.1515747 1.009252 0 P 0
L 2.1318897 1.0301181 2.1515747 1.0301181 0 P 0
L 2.1318897 1.0399606 2.1318897 1.0698819 0 P 0
L 2.1318897 1.0399606 2.1515747 1.0399606 0 P 0
L 2.1318897 1.0698819 2.1988188 1.0698819 0 P 0
L 2.1318897 1.1348425 2.1318897 1.1647638 0 P 0
L 2.1318897 1.1348425 2.1988188 1.1348425 0 P 0
L 2.1318897 1.1647638 2.1515747 1.1647638 0 P 0
L 2.1318897 1.1746063 2.1318897 1.1954724 0 P 0
L 2.1318897 1.1746063 2.1515747 1.1746063 0 P 0
L 2.1318897 1.1954724 2.1515747 1.1954724 0 P 0
L 2.1318897 1.2061024 2.1318897 1.2269685 0 P 0
L 2.1318897 1.2061024 2.1515747 1.2061024 0 P 0
L 2.1318897 1.2135827 2.1318897 1.243504 0 P 0
L 2.1318897 1.2135827 2.1988188 1.2135827 0 P 0
L 2.1318897 1.2269685 2.1515747 1.2269685 0 P 0
L 2.1318897 1.236811 2.1318897 1.2667323 0 P 0
L 2.1318897 1.236811 2.1515747 1.236811 0 P 0
L 2.1318897 1.243504 2.1515747 1.243504 0 P 0
L 2.1318897 1.2533465 2.1318897 1.2742126 0 P 0
L 2.1318897 1.2533465 2.1515747 1.2533465 0 P 0
L 2.1318897 1.2667323 2.1988188 1.2667323 0 P 0
L 2.1318897 1.2742126 2.1515747 1.2742126 0 P 0
L 2.1318897 1.2848426 2.1318897 1.3057087 0 P 0
L 2.1318897 1.2848426 2.1515747 1.2848426 0 P 0
L 2.1318897 1.3057087 2.1515747 1.3057087 0 P 0
L 2.1318897 1.3155512 2.1318897 1.3454725 0 P 0
L 2.1318897 1.3155512 2.1515747 1.3155512 0 P 0
L 2.1318897 1.3454725 2.1988188 1.3454725 0 P 0
L 2.1318897 1.4104331 2.1318897 1.4403544 0 P 0
L 2.1318897 1.4104331 2.1988188 1.4104331 0 P 0
L 2.1318897 1.4403544 2.1515747 1.4403544 0 P 0
L 2.1318897 1.4501969 2.1318897 1.471063 0 P 0
L 2.1318897 1.4501969 2.1515747 1.4501969 0 P 0
L 2.1318897 1.471063 2.1515747 1.471063 0 P 0
L 2.1318897 1.481693 2.1318897 1.5025591 0 P 0
L 2.1318897 1.481693 2.1515747 1.481693 0 P 0
L 2.1318897 1.5025591 2.1515747 1.5025591 0 P 0
L 2.1318897 1.5124016 2.1318897 1.5423229 0 P 0
L 2.1318897 1.5124016 2.1515747 1.5124016 0 P 0
L 2.1318897 1.5423229 2.1988188 1.5423229 0 P 0
L 2.1318898 0.7017716 2.1318898 0.7316929 0 P 0
L 2.1318898 0.7017716 2.1988189 0.7017716 0 P 0
L 2.1318898 0.7316929 2.1515748 0.7316929 0 P 0
L 2.1318898 0.7415354 2.1318898 0.7624015 0 P 0
L 2.1318898 0.7415354 2.1515748 0.7415354 0 P 0
L 2.1318898 0.7624015 2.1515748 0.7624015 0 P 0
L 2.1318898 0.7730315 2.1318898 0.7938976 0 P 0
L 2.1318898 0.7730315 2.1515748 0.7730315 0 P 0
L 2.1318898 0.7938976 2.1515748 0.7938976 0 P 0
L 2.1318898 0.8037401 2.1318898 0.8336614 0 P 0
L 2.1318898 0.8037401 2.1515748 0.8037401 0 P 0
L 2.1318898 0.8336614 2.1988189 0.8336614 0 P 0
L 2.1515747 0.5348426 2.1515747 0.5446851 0 P 0
L 2.1515747 0.5655512 2.1515747 0.5761812 0 P 0
L 2.1515747 0.5970473 2.1515747 0.6068898 0 P 0
L 2.1515747 0.9679134 2.1515747 0.9777559 0 P 0
L 2.1515747 0.998622 2.1515747 1.009252 0 P 0
L 2.1515747 1.0301181 2.1515747 1.0399606 0 P 0
L 2.1515747 1.1647638 2.1515747 1.1746063 0 P 0
L 2.1515747 1.1954724 2.1515747 1.2061024 0 P 0
L 2.1515747 1.2269685 2.1515747 1.236811 0 P 0
L 2.1515747 1.243504 2.1515747 1.2533465 0 P 0
L 2.1515747 1.2742126 2.1515747 1.2848426 0 P 0
L 2.1515747 1.3057087 2.1515747 1.3155512 0 P 0
L 2.1515747 1.4403544 2.1515747 1.4501969 0 P 0
L 2.1515747 1.471063 2.1515747 1.481693 0 P 0
L 2.1515747 1.5025591 2.1515747 1.5124016 0 P 0
L 2.1515748 0.7316929 2.1515748 0.7415354 0 P 0
L 2.1515748 0.7624015 2.1515748 0.7730315 0 P 0
L 2.1515748 0.7938976 2.1515748 0.8037401 0 P 0
L 2.1791338 0.5348426 2.1791338 0.5446851 0 P 0
L 2.1791338 0.5348426 2.1988188 0.5348426 0 P 0
L 2.1791338 0.5446851 2.1988188 0.5446851 0 P 0
L 2.1791338 0.5655512 2.1791338 0.5761812 0 P 0
L 2.1791338 0.5655512 2.1988188 0.5655512 0 P 0
L 2.1791338 0.5761812 2.1988188 0.5761812 0 P 0
L 2.1791338 0.5970473 2.1791338 0.6068898 0 P 0
L 2.1791338 0.5970473 2.1988188 0.5970473 0 P 0
L 2.1791338 0.6068898 2.1988188 0.6068898 0 P 0
L 2.1791338 0.9679134 2.1791338 0.9777559 0 P 0
L 2.1791338 0.9679134 2.1988188 0.9679134 0 P 0
L 2.1791338 0.9777559 2.1988188 0.9777559 0 P 0
L 2.1791338 0.998622 2.1791338 1.009252 0 P 0
L 2.1791338 0.998622 2.1988188 0.998622 0 P 0
L 2.1791338 1.009252 2.1988188 1.009252 0 P 0
L 2.1791338 1.0301181 2.1791338 1.0399606 0 P 0
L 2.1791338 1.0301181 2.1988188 1.0301181 0 P 0
L 2.1791338 1.0399606 2.1988188 1.0399606 0 P 0
L 2.1791338 1.1647638 2.1791338 1.1746063 0 P 0
L 2.1791338 1.1647638 2.1988188 1.1647638 0 P 0
L 2.1791338 1.1746063 2.1988188 1.1746063 0 P 0
L 2.1791338 1.1954724 2.1791338 1.2061024 0 P 0
L 2.1791338 1.1954724 2.1988188 1.1954724 0 P 0
L 2.1791338 1.2061024 2.1988188 1.2061024 0 P 0
L 2.1791338 1.2269685 2.1791338 1.236811 0 P 0
L 2.1791338 1.2269685 2.1988188 1.2269685 0 P 0
L 2.1791338 1.236811 2.1988188 1.236811 0 P 0
L 2.1791338 1.243504 2.1791338 1.2533465 0 P 0
L 2.1791338 1.243504 2.1988188 1.243504 0 P 0
L 2.1791338 1.2533465 2.1988188 1.2533465 0 P 0
L 2.1791338 1.2742126 2.1791338 1.2848426 0 P 0
L 2.1791338 1.2742126 2.1988188 1.2742126 0 P 0
L 2.1791338 1.2848426 2.1988188 1.2848426 0 P 0
L 2.1791338 1.3057087 2.1791338 1.3155512 0 P 0
L 2.1791338 1.3057087 2.1988188 1.3057087 0 P 0
L 2.1791338 1.3155512 2.1988188 1.3155512 0 P 0
L 2.1791338 1.4403544 2.1791338 1.4501969 0 P 0
L 2.1791338 1.4403544 2.1988188 1.4403544 0 P 0
L 2.1791338 1.4501969 2.1988188 1.4501969 0 P 0
L 2.1791338 1.471063 2.1791338 1.481693 0 P 0
L 2.1791338 1.471063 2.1988188 1.471063 0 P 0
L 2.1791338 1.481693 2.1988188 1.481693 0 P 0
L 2.1791338 1.5025591 2.1791338 1.5124016 0 P 0
L 2.1791338 1.5025591 2.1988188 1.5025591 0 P 0
L 2.1791338 1.5124016 2.1988188 1.5124016 0 P 0
L 2.1791339 0.7316929 2.1791339 0.7415354 0 P 0
L 2.1791339 0.7316929 2.1988189 0.7316929 0 P 0
L 2.1791339 0.7415354 2.1988189 0.7415354 0 P 0
L 2.1791339 0.7624015 2.1791339 0.7730315 0 P 0
L 2.1791339 0.7624015 2.1988189 0.7624015 0 P 0
L 2.1791339 0.7730315 2.1988189 0.7730315 0 P 0
L 2.1791339 0.7938976 2.1791339 0.8037401 0 P 0
L 2.1791339 0.7938976 2.1988189 0.7938976 0 P 0
L 2.1791339 0.8037401 2.1988189 0.8037401 0 P 0
L 2.1988188 0.5049213 2.1988188 0.5348426 0 P 0
L 2.1988188 0.5446851 2.1988188 0.5655512 0 P 0
L 2.1988188 0.5761812 2.1988188 0.5970473 0 P 0
L 2.1988188 0.6068898 2.1988188 0.6368111 0 P 0
L 2.1988188 0.9379921 2.1988188 0.9679134 0 P 0
L 2.1988188 0.9777559 2.1988188 0.998622 0 P 0
L 2.1988188 1.009252 2.1988188 1.0301181 0 P 0
L 2.1988188 1.0399606 2.1988188 1.0698819 0 P 0
L 2.1988188 1.1348425 2.1988188 1.1647638 0 P 0
L 2.1988188 1.1746063 2.1988188 1.1954724 0 P 0
L 2.1988188 1.2061024 2.1988188 1.2269685 0 P 0
L 2.1988188 1.2135827 2.1988188 1.243504 0 P 0
L 2.1988188 1.236811 2.1988188 1.2667323 0 P 0
L 2.1988188 1.2533465 2.1988188 1.2742126 0 P 0
L 2.1988188 1.2848426 2.1988188 1.3057087 0 P 0
L 2.1988188 1.3155512 2.1988188 1.3454725 0 P 0
L 2.1988188 1.4104331 2.1988188 1.4403544 0 P 0
L 2.1988188 1.4501969 2.1988188 1.471063 0 P 0
L 2.1988188 1.481693 2.1988188 1.5025591 0 P 0
L 2.1988188 1.5124016 2.1988188 1.5423229 0 P 0
L 2.1988189 0.7017716 2.1988189 0.7316929 0 P 0
L 2.1988189 0.7415354 2.1988189 0.7624015 0 P 0
L 2.1988189 0.7730315 2.1988189 0.7938976 0 P 0
L 2.1988189 0.8037401 2.1988189 0.8336614 0 P 0
L 2.4586614 2.3366142 2.4586614 2.4586614 0 P 0
L 2.4586614 2.3366142 2.5807086 2.3366142 0 P 0
L 2.4586614 2.4586614 2.5807086 2.4586614 0 P 0
L 2.4862204 1.6269685 2.4862204 1.6568898 0 P 0
L 2.4862204 1.6269685 2.5531495 1.6269685 0 P 0
L 2.4862204 1.6568898 2.5059054 1.6568898 0 P 0
L 2.4862204 1.6667323 2.4862204 1.6875984 0 P 0
L 2.4862204 1.6667323 2.5059054 1.6667323 0 P 0
L 2.4862204 1.6875984 2.5059054 1.6875984 0 P 0
L 2.4862204 1.6982284 2.4862204 1.7190945 0 P 0
L 2.4862204 1.6982284 2.5059054 1.6982284 0 P 0
L 2.4862204 1.7190945 2.5059054 1.7190945 0 P 0
L 2.4862204 1.728937 2.4862204 1.7588583 0 P 0
L 2.4862204 1.728937 2.5059054 1.728937 0 P 0
L 2.4862204 1.7588583 2.5531495 1.7588583 0 P 0
L 2.5059054 1.6568898 2.5059054 1.6667323 0 P 0
L 2.5059054 1.6875984 2.5059054 1.6982284 0 P 0
L 2.5059054 1.7190945 2.5059054 1.728937 0 P 0
L 2.5334645 1.6568898 2.5334645 1.6667323 0 P 0
L 2.5334645 1.6568898 2.5531495 1.6568898 0 P 0
L 2.5334645 1.6667323 2.5531495 1.6667323 0 P 0
L 2.5334645 1.6875984 2.5334645 1.6982284 0 P 0
L 2.5334645 1.6875984 2.5531495 1.6875984 0 P 0
L 2.5334645 1.6982284 2.5531495 1.6982284 0 P 0
L 2.5334645 1.7190945 2.5334645 1.728937 0 P 0
L 2.5334645 1.7190945 2.5531495 1.7190945 0 P 0
L 2.5334645 1.728937 2.5531495 1.728937 0 P 0
L 2.5531495 1.6269685 2.5531495 1.6568898 0 P 0
L 2.5531495 1.6667323 2.5531495 1.6875984 0 P 0
L 2.5531495 1.6982284 2.5531495 1.7190945 0 P 0
L 2.5531495 1.728937 2.5531495 1.7588583 0 P 0
L 2.5590551 0.6889764 2.5590551 1.476378 0 P 0
L 2.5590551 0.6889764 3.3464567 0.6889764 0 P 0
L 2.5590551 1.476378 3.3464567 1.476378 0 P 0
L 2.5807086 2.3366142 2.5807086 2.4586614 0 P 0
L 2.6899606 0.3011811 2.6899606 0.3681102 0 P 0
L 2.6899606 0.3011811 2.7198819 0.3011811 0 P 0
L 2.6899606 0.3681102 2.7198819 0.3681102 0 P 0
L 2.7198819 0.3011811 2.7198819 0.3208661 0 P 0
L 2.7198819 0.3208661 2.7297244 0.3208661 0 P 0
L 2.7198819 0.3484252 2.7198819 0.3681102 0 P 0
L 2.7198819 0.3484252 2.7297244 0.3484252 0 P 0
L 2.7297244 0.3011811 2.7297244 0.3208661 0 P 0
L 2.7297244 0.3011811 2.7505905 0.3011811 0 P 0
L 2.7297244 0.3484252 2.7297244 0.3681102 0 P 0
L 2.7297244 0.3681102 2.7505905 0.3681102 0 P 0
L 2.7505905 0.3011811 2.7505905 0.3208661 0 P 0
L 2.7505905 0.3208661 2.7612205 0.3208661 0 P 0
L 2.7505905 0.3484252 2.7505905 0.3681102 0 P 0
L 2.7505905 0.3484252 2.7612205 0.3484252 0 P 0
L 2.7612205 0.3011811 2.7612205 0.3208661 0 P 0
L 2.7612205 0.3011811 2.7820866 0.3011811 0 P 0
L 2.7612205 0.3484252 2.7612205 0.3681102 0 P 0
L 2.7612205 0.3681102 2.7820866 0.3681102 0 P 0
L 2.7820866 0.3011811 2.7820866 0.3208661 0 P 0
L 2.7820866 0.3208661 2.7919291 0.3208661 0 P 0
L 2.7820866 0.3484252 2.7820866 0.3681102 0 P 0
L 2.7820866 0.3484252 2.7919291 0.3484252 0 P 0
L 2.7919291 0.3011811 2.7919291 0.3208661 0 P 0
L 2.7919291 0.3011811 2.8218504 0.3011811 0 P 0
L 2.7919291 0.3484252 2.7919291 0.3681102 0 P 0
L 2.7919291 0.3681102 2.8218504 0.3681102 0 P 0
L 2.8218504 0.3011811 2.8218504 0.3681102 0 P 0
L 2.886811 0.3011811 2.886811 0.3681102 0 P 0
L 2.886811 0.3011811 2.9167323 0.3011811 0 P 0
L 2.886811 0.3681102 2.9167323 0.3681102 0 P 0
L 2.9167323 0.3011811 2.9167323 0.3208661 0 P 0
L 2.9167323 0.3208661 2.9265748 0.3208661 0 P 0
L 2.9167323 0.3484252 2.9167323 0.3681102 0 P 0
L 2.9167323 0.3484252 2.9265748 0.3484252 0 P 0
L 2.9265748 0.3011811 2.9265748 0.3208661 0 P 0
L 2.9265748 0.3011811 2.9474409 0.3011811 0 P 0
L 2.9265748 0.3484252 2.9265748 0.3681102 0 P 0
L 2.9265748 0.3681102 2.9474409 0.3681102 0 P 0
L 2.9474409 0.3011811 2.9474409 0.3208661 0 P 0
L 2.9474409 0.3208661 2.9580709 0.3208661 0 P 0
L 2.9474409 0.3484252 2.9474409 0.3681102 0 P 0
L 2.9474409 0.3484252 2.9580709 0.3484252 0 P 0
L 2.9580709 0.3011811 2.9580709 0.3208661 0 P 0
L 2.9580709 0.3011811 2.978937 0.3011811 0 P 0
L 2.9580709 0.3484252 2.9580709 0.3681102 0 P 0
L 2.9580709 0.3681102 2.978937 0.3681102 0 P 0
L 2.978937 0.3011811 2.978937 0.3208661 0 P 0
L 2.978937 0.3208661 2.9887795 0.3208661 0 P 0
L 2.978937 0.3484252 2.978937 0.3681102 0 P 0
L 2.978937 0.3484252 2.9887795 0.3484252 0 P 0
L 2.9887795 0.3011811 2.9887795 0.3208661 0 P 0
L 2.9887795 0.3011811 3.0187008 0.3011811 0 P 0
L 2.9887795 0.3484252 2.9887795 0.3681102 0 P 0
L 2.9887795 0.3681102 3.0187008 0.3681102 0 P 0
L 3.0187008 0.3011811 3.0187008 0.3681102 0 P 0
L 3.3464567 0.6889764 3.3464567 1.476378 0 P 0
L 3.4980315 2.2007874 3.4980315 2.3188976 0 P 0
L 3.4980315 2.2007874 3.5649607 2.2007874 0 P 0
L 3.4980315 2.3188976 3.5649607 2.3188976 0 P 0
L 3.4980315 2.3425197 3.4980315 2.4606299 0 P 0
L 3.4980315 2.3425197 3.5649607 2.3425197 0 P 0
L 3.4980315 2.4606299 3.5649607 2.4606299 0 P 0
L 3.5649607 2.2007874 3.5649607 2.3188976 0 P 0
L 3.5649607 2.3425197 3.5649607 2.4606299 0 P 0
L 3.9192914 1.3543307 3.9192914 1.4724409 0 P 0
L 3.9192914 1.3543307 4.0374016 1.3543307 0 P 0
L 3.9192914 1.4724409 4.0374016 1.4724409 0 P 0
L 4.0089075 2.5005247 4.6489075 2.5005247 1 P 0
L 4.0189075 2.6848155 4.0205736 2.6831494 1 P 0 ;0,1=1,2=0.000000
L 4.0189075 2.69148 4.0189075 2.6848155 1 P 0 ;0,1=1,2=0.000000
L 4.0189075 2.7031494 4.0189075 2.7098139 1 P 0 ;0,1=0,2=0.000000
L 4.0189075 2.7098139 4.0222398 2.7131462 1 P 0 ;0,1=0,2=0.000000
L 4.0205736 2.6831494 4.0239059 2.6831494 1 P 0 ;0,1=1,2=0.000000
L 4.0205736 2.6931462 4.0189075 2.69148 1 P 0 ;0,1=1,2=0.000000
L 4.0222398 2.7131462 4.025572 2.7098139 1 P 0 ;0,1=0,2=0.000000
L 4.0239059 2.6831494 4.025572 2.6848155 1 P 0 ;0,1=1,2=0.000000
L 4.0239059 2.6931462 4.0205736 2.6931462 1 P 0 ;0,1=1,2=0.000000
L 4.025572 2.69148 4.0239059 2.6931462 1 P 0 ;0,1=1,2=0.000000
L 4.025572 2.7031494 4.025572 2.7081478 1 P 0 ;0,1=0,2=0.000000
L 4.025572 2.7081478 4.0189075 2.7081478 1 P 0 ;0,1=0,2=0.000000
L 4.025572 2.7098139 4.025572 2.7031494 1 P 0 ;0,1=0,2=0.000000
L 4.0289043 2.6848155 4.0305704 2.6831494 1 P 0 ;0,1=1,2=0.000000
L 4.0289043 2.6931462 4.0289043 2.6848155 1 P 0 ;0,1=1,2=0.000000
L 4.0289043 2.7031494 4.0289043 2.7131462 1 P 0 ;0,1=0,2=0.000000
L 4.0289043 2.7131462 4.0355688 2.7031494 1 P 0 ;0,1=0,2=0.000000
L 4.0305704 2.6831494 4.0339027 2.6831494 1 P 0 ;0,1=1,2=0.000000
L 4.0339027 2.6831494 4.0355688 2.6848155 1 P 0 ;0,1=1,2=0.000000
L 4.0355688 2.6848155 4.0355688 2.6931462 1 P 0 ;0,1=1,2=0.000000
L 4.0355688 2.7031494 4.0355688 2.7131462 1 P 0 ;0,1=0,2=0.000000
L 4.0374016 1.3543307 4.0374016 1.4724409 0 P 0
L 4.0389011 2.6931462 4.0455656 2.6931462 1 P 0 ;0,1=1,2=0.000000
L 4.0389011 2.7131462 4.0455656 2.7131462 1 P 0 ;0,1=0,2=0.000000
L 4.0422334 2.6931462 4.0422334 2.6831494 1 P 0 ;0,1=1,2=0.000000
L 4.0422334 2.7131462 4.0422334 2.7031494 1 P 0 ;0,1=0,2=0.000000
L 4.0455656 2.6931462 4.0422334 2.6931462 1 P 0 ;0,1=1,2=0.000000
L 4.0455656 2.7131462 4.0422334 2.7131462 1 P 0 ;0,1=0,2=0.000000
L 4.0488979 2.6848155 4.050564 2.6831494 1 P 0 ;0,1=1,2=0.000000
L 4.0488979 2.69148 4.0488979 2.6848155 1 P 0 ;0,1=1,2=0.000000
L 4.0488979 2.7031494 4.0555624 2.7031494 1 P 0 ;0,1=0,2=0.000000
L 4.0488979 2.7081478 4.0522302 2.7081478 1 P 0 ;0,1=0,2=0.000000
L 4.0488979 2.7131462 4.0488979 2.7031494 1 P 0 ;0,1=0,2=0.000000
L 4.050564 2.6831494 4.0538963 2.6831494 1 P 0 ;0,1=1,2=0.000000
L 4.050564 2.6931462 4.0488979 2.69148 1 P 0 ;0,1=1,2=0.000000
L 4.0538963 2.6831494 4.0555624 2.6848155 1 P 0 ;0,1=1,2=0.000000
L 4.0538963 2.6931462 4.050564 2.6931462 1 P 0 ;0,1=1,2=0.000000
L 4.0555624 2.6848155 4.0555624 2.69148 1 P 0 ;0,1=1,2=0.000000
L 4.0555624 2.69148 4.0538963 2.6931462 1 P 0 ;0,1=1,2=0.000000
L 4.0555624 2.7131462 4.0488979 2.7131462 1 P 0 ;0,1=0,2=0.000000
L 4.0588947 2.6848155 4.0605608 2.6831494 1 P 0 ;0,1=1,2=0.000000
L 4.0588947 2.6931462 4.0588947 2.6848155 1 P 0 ;0,1=1,2=0.000000
L 4.0588947 2.7031494 4.0588947 2.7131462 1 P 0 ;0,1=0,2=0.000000
L 4.0588947 2.7131462 4.0655592 2.7031494 1 P 0 ;0,1=0,2=0.000000
L 4.0605608 2.6831494 4.0638931 2.6831494 1 P 0 ;0,1=1,2=0.000000
L 4.0638931 2.6831494 4.0655592 2.6848155 1 P 0 ;0,1=1,2=0.000000
L 4.0655592 2.6848155 4.0655592 2.6931462 1 P 0 ;0,1=1,2=0.000000
L 4.0655592 2.7031494 4.0655592 2.7131462 1 P 0 ;0,1=0,2=0.000000
L 4.0688915 2.6931462 4.075556 2.6931462 1 P 0 ;0,1=1,2=0.000000
L 4.0688915 2.7031494 4.0688915 2.7131462 1 P 0 ;0,1=0,2=0.000000
L 4.0688915 2.7131462 4.075556 2.7031494 1 P 0 ;0,1=0,2=0.000000
L 4.0722238 2.6931462 4.0722238 2.6831494 1 P 0 ;0,1=1,2=0.000000
L 4.075556 2.6931462 4.0722238 2.6931462 1 P 0 ;0,1=1,2=0.000000
L 4.075556 2.7031494 4.075556 2.7131462 1 P 0 ;0,1=0,2=0.000000
L 4.0788883 2.7031494 4.0788883 2.7098139 1 P 0 ;0,1=0,2=0.000000
L 4.0788883 2.7098139 4.0822206 2.7131462 1 P 0 ;0,1=0,2=0.000000
L 4.0822206 2.7131462 4.0855528 2.7098139 1 P 0 ;0,1=0,2=0.000000
L 4.0855528 2.7031494 4.0855528 2.7081478 1 P 0 ;0,1=0,2=0.000000
L 4.0855528 2.7081478 4.0788883 2.7081478 1 P 0 ;0,1=0,2=0.000000
L 4.0855528 2.7098139 4.0855528 2.7031494 1 P 0 ;0,1=0,2=0.000000
L 4.0888851 2.6831494 4.0888851 2.6931462 1 P 0 ;0,1=1,2=0.000000
L 4.0888851 2.6931462 4.0938835 2.6931462 1 P 0 ;0,1=1,2=0.000000
L 4.0938835 2.6864817 4.0888851 2.6864817 1 P 0 ;0,1=1,2=0.000000
L 4.0938835 2.6931462 4.0955496 2.69148 1 P 0 ;0,1=1,2=0.000000
L 4.0955496 2.6881478 4.0938835 2.6864817 1 P 0 ;0,1=1,2=0.000000
L 4.0955496 2.69148 4.0955496 2.6881478 1 P 0 ;0,1=1,2=0.000000
L 4.0988819 2.6848155 4.100548 2.6831494 1 P 0 ;0,1=1,2=0.000000
L 4.0988819 2.69148 4.0988819 2.6848155 1 P 0 ;0,1=1,2=0.000000
L 4.0988819 2.7031494 4.0988819 2.7098139 1 P 0 ;0,1=0,2=0.000000
L 4.0988819 2.7098139 4.1022142 2.7131462 1 P 0 ;0,1=0,2=0.000000
L 4.100548 2.6831494 4.1038803 2.6831494 1 P 0 ;0,1=1,2=0.000000
L 4.100548 2.6931462 4.0988819 2.69148 1 P 0 ;0,1=1,2=0.000000
L 4.1022142 2.7131462 4.1055464 2.7098139 1 P 0 ;0,1=0,2=0.000000
L 4.1038803 2.6831494 4.1055464 2.6848155 1 P 0 ;0,1=1,2=0.000000
L 4.1038803 2.6931462 4.100548 2.6931462 1 P 0 ;0,1=1,2=0.000000
L 4.1055464 2.6848155 4.1055464 2.69148 1 P 0 ;0,1=1,2=0.000000
L 4.1055464 2.69148 4.1038803 2.6931462 1 P 0 ;0,1=1,2=0.000000
L 4.1055464 2.7031494 4.1055464 2.7081478 1 P 0 ;0,1=0,2=0.000000
L 4.1055464 2.7081478 4.0988819 2.7081478 1 P 0 ;0,1=0,2=0.000000
L 4.1055464 2.7098139 4.1055464 2.7031494 1 P 0 ;0,1=0,2=0.000000
L 4.1088787 2.6831494 4.1155432 2.6831494 1 P 0 ;0,1=1,2=0.000000
L 4.1088787 2.6931462 4.1088787 2.6831494 1 P 0 ;0,1=1,2=0.000000
L 4.1088787 2.7031494 4.1088787 2.7131462 1 P 0 ;0,1=0,2=0.000000
L 4.1088787 2.7131462 4.1138771 2.7131462 1 P 0 ;0,1=0,2=0.000000
L 4.112211 2.7064817 4.1155432 2.7031494 1 P 0 ;0,1=0,2=0.000000
L 4.1138771 2.7064817 4.1088787 2.7064817 1 P 0 ;0,1=0,2=0.000000
L 4.1138771 2.7131462 4.1155432 2.71148 1 P 0 ;0,1=0,2=0.000000
L 4.1155432 2.7081478 4.1138771 2.7064817 1 P 0 ;0,1=0,2=0.000000
L 4.1155432 2.71148 4.1155432 2.7081478 1 P 0 ;0,1=0,2=0.000000
L 4.1188755 2.69148 4.1222078 2.6881478 1 P 0 ;0,1=1,2=0.000000
L 4.1188755 2.6931462 4.1188755 2.69148 1 P 0 ;0,1=1,2=0.000000
L 4.1188755 2.7031494 4.12554 2.7031494 1 P 0 ;0,1=0,2=0.000000
L 4.1188755 2.7081478 4.1222078 2.7081478 1 P 0 ;0,1=0,2=0.000000
L 4.1188755 2.7131462 4.1188755 2.7031494 1 P 0 ;0,1=0,2=0.000000
L 4.1222078 2.6881478 4.1222078 2.6831494 1 P 0 ;0,1=1,2=0.000000
L 4.1222078 2.6881478 4.12554 2.69148 1 P 0 ;0,1=1,2=0.000000
L 4.12554 2.69148 4.12554 2.6931462 1 P 0 ;0,1=1,2=0.000000
L 4.12554 2.7131462 4.1188755 2.7131462 1 P 0 ;0,1=0,2=0.000000
L 4.1288723 2.6848155 4.1305384 2.6831494 1 P 0 ;0,1=1,2=0.000000
L 4.1288723 2.69148 4.1288723 2.6848155 1 P 0 ;0,1=1,2=0.000000
L 4.1288723 2.7031494 4.1288723 2.7098139 1 P 0 ;0,1=0,2=0.000000
L 4.1288723 2.7098139 4.1322046 2.7131462 1 P 0 ;0,1=0,2=0.000000
L 4.1305384 2.6831494 4.1338707 2.6831494 1 P 0 ;0,1=1,2=0.000000
L 4.1305384 2.6931462 4.1288723 2.69148 1 P 0 ;0,1=1,2=0.000000
L 4.1322046 2.7131462 4.1355368 2.7098139 1 P 0 ;0,1=0,2=0.000000
L 4.1338707 2.6831494 4.1355368 2.6848155 1 P 0 ;0,1=1,2=0.000000
L 4.1338707 2.6931462 4.1305384 2.6931462 1 P 0 ;0,1=1,2=0.000000
L 4.1355368 2.6848155 4.1355368 2.6881478 1 P 0 ;0,1=1,2=0.000000
L 4.1355368 2.6881478 4.1322046 2.6881478 1 P 0 ;0,1=1,2=0.000000
L 4.1355368 2.69148 4.1338707 2.6931462 1 P 0 ;0,1=1,2=0.000000
L 4.1355368 2.7031494 4.1355368 2.7081478 1 P 0 ;0,1=0,2=0.000000
L 4.1355368 2.7081478 4.1288723 2.7081478 1 P 0 ;0,1=0,2=0.000000
L 4.1355368 2.7098139 4.1355368 2.7031494 1 P 0 ;0,1=0,2=0.000000
L 4.1388691 2.6848155 4.1405352 2.6831494 1 P 0 ;0,1=1,2=0.000000
L 4.1388691 2.69148 4.1388691 2.6848155 1 P 0 ;0,1=1,2=0.000000
L 4.1405352 2.6831494 4.1438675 2.6831494 1 P 0 ;0,1=1,2=0.000000
L 4.1405352 2.6931462 4.1388691 2.69148 1 P 0 ;0,1=1,2=0.000000
L 4.1438675 2.6831494 4.1455336 2.6848155 1 P 0 ;0,1=1,2=0.000000
L 4.1438675 2.6931462 4.1405352 2.6931462 1 P 0 ;0,1=1,2=0.000000
L 4.1455336 2.6848155 4.1455336 2.69148 1 P 0 ;0,1=1,2=0.000000
L 4.1455336 2.69148 4.1438675 2.6931462 1 P 0 ;0,1=1,2=0.000000
L 4.1488659 2.6831494 4.1488659 2.6931462 1 P 0 ;0,1=1,2=0.000000
L 4.1488659 2.6931462 4.1555304 2.6831494 1 P 0 ;0,1=1,2=0.000000
L 4.1555304 2.6831494 4.1555304 2.6931462 1 P 0 ;0,1=1,2=0.000000
L 4.78937 0.5990156 4.78937 0.6289369 0 P 0
L 4.78937 0.5990156 4.8562991 0.5990156 0 P 0
L 4.78937 0.6289369 4.809055 0.6289369 0 P 0
L 4.78937 0.6387794 4.78937 0.6596455 0 P 0
L 4.78937 0.6387794 4.809055 0.6387794 0 P 0
L 4.78937 0.6596455 4.809055 0.6596455 0 P 0
L 4.78937 0.6702755 4.78937 0.6911416 0 P 0
L 4.78937 0.6702755 4.809055 0.6702755 0 P 0
L 4.78937 0.6911416 4.809055 0.6911416 0 P 0
L 4.78937 0.7009841 4.78937 0.7309054 0 P 0
L 4.78937 0.7009841 4.809055 0.7009841 0 P 0
L 4.78937 0.7309054 4.8562991 0.7309054 0 P 0
L 4.78937 0.776181 4.78937 0.8061023 0 P 0
L 4.78937 0.776181 4.8562991 0.776181 0 P 0
L 4.78937 0.8061023 4.809055 0.8061023 0 P 0
L 4.78937 0.8159448 4.78937 0.8368109 0 P 0
L 4.78937 0.8159448 4.809055 0.8159448 0 P 0
L 4.78937 0.8368109 4.809055 0.8368109 0 P 0
L 4.78937 0.8474409 4.78937 0.868307 0 P 0
L 4.78937 0.8474409 4.809055 0.8474409 0 P 0
L 4.78937 0.868307 4.809055 0.868307 0 P 0
L 4.78937 0.8781495 4.78937 0.9080708 0 P 0
L 4.78937 0.8781495 4.809055 0.8781495 0 P 0
L 4.78937 0.9080708 4.8562991 0.9080708 0 P 0
L 4.78937 0.9533463 4.78937 0.9832676 0 P 0
L 4.78937 0.9533463 4.8562991 0.9533463 0 P 0
L 4.78937 0.9832676 4.809055 0.9832676 0 P 0
L 4.78937 0.9931101 4.78937 1.0139762 0 P 0
L 4.78937 0.9931101 4.809055 0.9931101 0 P 0
L 4.78937 1.0139762 4.809055 1.0139762 0 P 0
L 4.78937 1.0246062 4.78937 1.0454723 0 P 0
L 4.78937 1.0246062 4.809055 1.0246062 0 P 0
L 4.78937 1.0454723 4.809055 1.0454723 0 P 0
L 4.78937 1.0553148 4.78937 1.0852361 0 P 0
L 4.78937 1.0553148 4.809055 1.0553148 0 P 0
L 4.78937 1.0852361 4.8562991 1.0852361 0 P 0
L 4.809055 0.6289369 4.809055 0.6387794 0 P 0
L 4.809055 0.6596455 4.809055 0.6702755 0 P 0
L 4.809055 0.6911416 4.809055 0.7009841 0 P 0
L 4.809055 0.8061023 4.809055 0.8159448 0 P 0
L 4.809055 0.8368109 4.809055 0.8474409 0 P 0
L 4.809055 0.868307 4.809055 0.8781495 0 P 0
L 4.809055 0.9832676 4.809055 0.9931101 0 P 0
L 4.809055 1.0139762 4.809055 1.0246062 0 P 0
L 4.809055 1.0454723 4.809055 1.0553148 0 P 0
L 4.8366141 0.6289369 4.8366141 0.6387794 0 P 0
L 4.8366141 0.6289369 4.8562991 0.6289369 0 P 0
L 4.8366141 0.6387794 4.8562991 0.6387794 0 P 0
L 4.8366141 0.6596455 4.8366141 0.6702755 0 P 0
L 4.8366141 0.6596455 4.8562991 0.6596455 0 P 0
L 4.8366141 0.6702755 4.8562991 0.6702755 0 P 0
L 4.8366141 0.6911416 4.8366141 0.7009841 0 P 0
L 4.8366141 0.6911416 4.8562991 0.6911416 0 P 0
L 4.8366141 0.7009841 4.8562991 0.7009841 0 P 0
L 4.8366141 0.8061023 4.8366141 0.8159448 0 P 0
L 4.8366141 0.8061023 4.8562991 0.8061023 0 P 0
L 4.8366141 0.8159448 4.8562991 0.8159448 0 P 0
L 4.8366141 0.8368109 4.8366141 0.8474409 0 P 0
L 4.8366141 0.8368109 4.8562991 0.8368109 0 P 0
L 4.8366141 0.8474409 4.8562991 0.8474409 0 P 0
L 4.8366141 0.868307 4.8366141 0.8781495 0 P 0
L 4.8366141 0.868307 4.8562991 0.868307 0 P 0
L 4.8366141 0.8781495 4.8562991 0.8781495 0 P 0
L 4.8366141 0.9832676 4.8366141 0.9931101 0 P 0
L 4.8366141 0.9832676 4.8562991 0.9832676 0 P 0
L 4.8366141 0.9931101 4.8562991 0.9931101 0 P 0
L 4.8366141 1.0139762 4.8366141 1.0246062 0 P 0
L 4.8366141 1.0139762 4.8562991 1.0139762 0 P 0
L 4.8366141 1.0246062 4.8562991 1.0246062 0 P 0
L 4.8366141 1.0454723 4.8366141 1.0553148 0 P 0
L 4.8366141 1.0454723 4.8562991 1.0454723 0 P 0
L 4.8366141 1.0553148 4.8562991 1.0553148 0 P 0
L 4.8562991 0.5990156 4.8562991 0.6289369 0 P 0
L 4.8562991 0.6387794 4.8562991 0.6596455 0 P 0
L 4.8562991 0.6702755 4.8562991 0.6911416 0 P 0
L 4.8562991 0.7009841 4.8562991 0.7309054 0 P 0
L 4.8562991 0.776181 4.8562991 0.8061023 0 P 0
L 4.8562991 0.8159448 4.8562991 0.8368109 0 P 0
L 4.8562991 0.8474409 4.8562991 0.868307 0 P 0
L 4.8562991 0.8781495 4.8562991 0.9080708 0 P 0
L 4.8562991 0.9533463 4.8562991 0.9832676 0 P 0
L 4.8562991 0.9931101 4.8562991 1.0139762 0 P 0
L 4.8562991 1.0246062 4.8562991 1.0454723 0 P 0
L 4.8562991 1.0553148 4.8562991 1.0852361 0 P 0
