#Layer_Color=32768
#
#Feature symbol names
#
$0 r10
$1 r1.9685
$2 r3.937
$3 r6
$4 r5

#
#Feature attribute names
#

#
#Layer features
#
L 0.0787402 0.3937008 0.0787402 2.3622047 0 P 0
L 0.3838582 0.5413386 0.3838582 0.6791338 4 P 0
L 0.3838582 0.5413386 0.757874 0.5413386 4 P 0
L 0.3838582 0.6791338 0.757874 0.6791338 4 P 0
L 0.3937008 0.0787402 3.7401575 0.0787402 0 P 0
L 0.3937008 2.6771653 5.1181102 2.6771653 0 P 0
L 0.456693 2.5452756 0.456693 2.6712598 1 P 0
L 0.456693 2.5452756 0.7047245 2.5452756 1 P 0
L 0.456693 2.6712598 0.7047245 2.6712598 1 P 0
L 0.5610237 2.6082677 0.6003938 2.6082677 2 P 0
L 0.5807087 2.5885827 0.5807087 2.6279527 2 P 0
L 0.7047245 2.5452756 0.7047245 2.6712598 1 P 0
L 0.7086615 2.1309055 0.7086615 2.2785433 1 P 0
L 0.7086615 2.1309055 0.8464568 2.1309055 1 P 0
L 0.7086615 2.2785433 0.8464568 2.2785433 1 P 0
L 0.714567 2.2942657 0.714567 2.5422972 1 P 0
L 0.714567 2.2942657 0.8405512 2.2942657 1 P 0
L 0.714567 2.5422972 0.8405512 2.5422972 1 P 0
L 0.7381889 1.4812992 0.7381889 1.7273622 1 P 0
L 0.7381889 1.4812992 0.8759842 1.4812992 1 P 0
L 0.7381889 1.7273622 0.8759842 1.7273622 1 P 0
L 0.757874 0.5413386 0.757874 0.6791338 4 P 0
L 0.7578741 2.2047244 0.7972442 2.2047244 2 P 0
L 0.7578741 2.4182815 0.7972441 2.4182815 2 P 0
L 0.7775591 0.734252 0.7775591 1.2539371 1 P 0
L 0.7775591 0.734252 1.6830709 0.734252 1 P 0
L 0.7775591 1.2539371 1.6830709 1.2539371 1 P 0
L 0.7775591 2.1850394 0.7775591 2.2244094 2 P 0
L 0.7775591 2.3985964 0.7775591 2.4379665 2 P 0
L 0.7874015 1.6043307 0.8267716 1.6043307 2 P 0
L 0.8070866 1.5846457 0.8070866 1.6240158 2 P 0
L 0.8169292 1.9734252 0.8169292 2.121063 1 P 0
L 0.8169292 1.9734252 0.9547245 1.9734252 1 P 0
L 0.8169292 2.121063 0.9547245 2.121063 1 P 0
L 0.8405512 2.2942657 0.8405512 2.5422972 1 P 0
L 0.8464568 2.1309055 0.8464568 2.2785433 1 P 0
L 0.8661418 2.0472441 0.9055119 2.0472441 2 P 0
L 0.8759842 1.4812992 0.8759842 1.7273622 1 P 0
L 0.8816496 2.3285 0.8816496 2.3425 3 P 0
L 0.8816496 2.3285 1.2246496 2.3285 3 P 0
L 0.8816496 2.3425 0.8976496 2.3425 3 P 0
L 0.8816496 2.6575 0.8816496 2.6715 3 P 0
L 0.8816496 2.6575 0.8976496 2.6575 3 P 0
L 0.8816496 2.6715 1.2246496 2.6715 3 P 0
L 0.8858268 2.0275591 0.8858268 2.0669292 2 P 0
L 0.8976496 2.3425 0.8976496 2.6575 3 P 0
L 0.9547245 1.9734252 0.9547245 2.121063 1 P 0
L 0.9901575 2.0098425 0.9901575 2.257874 1 P 0
L 0.9901575 2.0098425 1.1751969 2.0098425 1 P 0
L 0.9901575 2.257874 1.1751969 2.257874 1 P 0
L 1.0629921 2.1338582 1.1023622 2.1338582 2 P 0
L 1.0826772 2.1141732 1.0826772 2.1535433 2 P 0
L 1.1751969 2.0098425 1.1751969 2.257874 1 P 0
L 1.2086496 2.3425 1.2086496 2.6575 3 P 0
L 1.2086496 2.3425 1.2246496 2.3425 3 P 0
L 1.2086496 2.6575 1.2246496 2.6575 3 P 0
L 1.2106299 0.9940945 1.25 0.9940945 2 P 0
L 1.2246496 2.3285 1.2246496 2.3425 3 P 0
L 1.2246496 2.6575 1.2246496 2.6715 3 P 0
L 1.230315 0.9744095 1.230315 1.0137796 2 P 0
L 1.4074803 1.9409449 1.4074803 2.2322835 1 P 0
L 1.4074803 1.9409449 1.6240157 1.9409449 1 P 0
L 1.4074803 2.2322835 1.6240157 2.2322835 1 P 0
L 1.496063 2.0866142 1.535433 2.0866142 2 P 0
L 1.515748 2.0669292 1.515748 2.1062993 2 P 0
L 1.6240157 1.9409449 1.6240157 2.2322835 1 P 0
L 1.6830709 0.734252 1.6830709 1.2539371 1 P 0
L 1.9340551 1.9685039 1.9340551 2.1062992 1 P 0
L 1.9340551 1.9685039 2.1801181 1.9685039 1 P 0
L 1.9340551 2.1062992 2.1801181 2.1062992 1 P 0
L 2.0374015 2.0374016 2.0767716 2.0374016 2 P 0
L 2.0570866 2.0177165 2.0570866 2.0570866 2 P 0
L 2.0909448 0.4852363 2.0909448 0.6564961 1 P 0
L 2.0909448 0.4852363 2.2397637 0.4852363 1 P 0
L 2.0909448 0.6564961 2.2397637 0.6564961 1 P 0
L 2.0909448 0.9183071 2.0909448 1.0895669 1 P 0
L 2.0909448 0.9183071 2.2397637 0.9183071 1 P 0
L 2.0909448 1.0895669 2.2397637 1.0895669 1 P 0
L 2.0909448 1.1151575 2.0909448 1.2864173 1 P 0
L 2.0909448 1.1151575 2.2397637 1.1151575 1 P 0
L 2.0909448 1.1938977 2.0909448 1.3651575 1 P 0
L 2.0909448 1.1938977 2.2397637 1.1938977 1 P 0
L 2.0909448 1.2864173 2.2397637 1.2864173 1 P 0
L 2.0909448 1.3651575 2.2397637 1.3651575 1 P 0
L 2.0909448 1.3907481 2.0909448 1.5620079 1 P 0
L 2.0909448 1.3907481 2.2397637 1.3907481 1 P 0
L 2.0909448 1.5620079 2.2397637 1.5620079 1 P 0
L 2.0909449 0.6820866 2.0909449 0.8533464 1 P 0
L 2.0909449 0.6820866 2.2397638 0.6820866 1 P 0
L 2.0909449 0.8533464 2.2397638 0.8533464 1 P 0
L 2.1197851 2.411307 2.1197851 2.675307 3 P 0
L 2.1197851 2.411307 2.1297851 2.411307 3 P 0
L 2.1197851 2.675307 2.1297851 2.675307 3 P 0
L 2.1297851 2.409307 2.1297851 2.411307 3 P 0
L 2.1297851 2.409307 2.3737851 2.409307 3 P 0
L 2.1297851 2.675307 2.1297851 2.677307 3 P 0
L 2.1297851 2.677307 2.3737851 2.677307 3 P 0
L 2.1456692 0.5708662 2.1850393 0.5708662 2 P 0
L 2.1456692 1.003937 2.1850393 1.003937 2 P 0
L 2.1456692 1.2007874 2.1850393 1.2007874 2 P 0
L 2.1456692 1.2795276 2.1850393 1.2795276 2 P 0
L 2.1456692 1.476378 2.1850393 1.476378 2 P 0
L 2.1456693 0.7677165 2.1850394 0.7677165 2 P 0
L 2.1653543 0.5511812 2.1653543 0.5905512 2 P 0
L 2.1653543 0.7480315 2.1653543 0.7874015 2 P 0
L 2.1653543 0.984252 2.1653543 1.023622 2 P 0
L 2.1653543 1.1811024 2.1653543 1.2204724 2 P 0
L 2.1653543 1.2598426 2.1653543 1.2992126 2 P 0
L 2.1653543 1.456693 2.1653543 1.496063 2 P 0
L 2.1801181 1.9685039 2.1801181 2.1062992 1 P 0
L 2.2047244 1.8700788 2.2047244 2.007874 4 P 0
L 2.2047244 1.8700788 2.5787402 1.8700788 4 P 0
L 2.2047244 2.007874 2.5787402 2.007874 4 P 0
L 2.2397637 0.4852363 2.2397637 0.6564961 1 P 0
L 2.2397637 0.9183071 2.2397637 1.0895669 1 P 0
L 2.2397637 1.1151575 2.2397637 1.2864173 1 P 0
L 2.2397637 1.1938977 2.2397637 1.3651575 1 P 0
L 2.2397637 1.3907481 2.2397637 1.5620079 1 P 0
L 2.2397638 0.6820866 2.2397638 0.8533464 1 P 0
L 2.3737851 2.409307 2.3737851 2.411307 3 P 0
L 2.3737851 2.411307 2.3837851 2.411307 3 P 0
L 2.3737851 2.675307 2.3737851 2.677307 3 P 0
L 2.3737851 2.675307 2.3837851 2.675307 3 P 0
L 2.3837851 2.411307 2.3837851 2.675307 3 P 0
L 2.4452755 1.6072835 2.4452755 1.7785433 1 P 0
L 2.4452755 1.6072835 2.5940944 1.6072835 1 P 0
L 2.4452755 1.7785433 2.5940944 1.7785433 1 P 0
L 2.4468503 2.2736221 2.4468503 2.5216536 1 P 0
L 2.4468503 2.2736221 2.5925196 2.2736221 1 P 0
L 2.4468503 2.5216536 2.5925196 2.5216536 1 P 0
L 2.4744094 0.6043307 2.4744094 1.5610237 1 P 0
L 2.4744094 0.6043307 3.4311024 0.6043307 1 P 0
L 2.4744094 1.5610237 3.4311024 1.5610237 1 P 0
L 2.4999999 1.6929134 2.53937 1.6929134 2 P 0
L 2.4999999 2.3976378 2.53937 2.3976378 2 P 0
L 2.519685 1.6732284 2.519685 1.7125984 2 P 0
L 2.519685 2.3779528 2.519685 2.4173229 2 P 0
L 2.5787402 1.8700788 2.5787402 2.007874 4 P 0
L 2.5925196 2.2736221 2.5925196 2.5216536 1 P 0
L 2.5940944 1.6072835 2.5940944 1.7785433 1 P 0
L 2.6702756 0.2602362 2.6702756 0.4090551 1 P 0
L 2.6702756 0.2602362 2.8415354 0.2602362 1 P 0
L 2.6702756 0.4090551 2.8415354 0.4090551 1 P 0
L 2.7362205 0.3346457 2.7755905 0.3346457 2 P 0
L 2.7559055 0.3149606 2.7559055 0.3543307 2 P 0
L 2.8415354 0.2602362 2.8415354 0.4090551 1 P 0
L 2.867126 0.2602362 2.867126 0.4090551 1 P 0
L 2.867126 0.2602362 3.0383858 0.2602362 1 P 0
L 2.867126 0.4090551 3.0383858 0.4090551 1 P 0
L 2.9330709 0.3346457 2.9724409 0.3346457 2 P 0
L 2.9330709 1.0826772 2.9724409 1.0826772 2 P 0
L 2.9527559 0.3149606 2.9527559 0.3543307 2 P 0
L 2.9527559 1.0629922 2.9527559 1.1023622 2 P 0
L 3.0383858 0.2602362 3.0383858 0.4090551 1 P 0
L 3.4311024 0.6043307 3.4311024 1.5610237 1 P 0
L 3.4576772 2.1909448 3.4576772 2.3287401 1 P 0
L 3.4576772 2.1909448 3.605315 2.1909448 1 P 0
L 3.4576772 2.3287401 3.605315 2.3287401 1 P 0
L 3.4576772 2.3326771 3.4576772 2.4704724 1 P 0
L 3.4576772 2.3326771 3.605315 2.3326771 1 P 0
L 3.4576772 2.4704724 3.605315 2.4704724 1 P 0
L 3.5118111 2.2598425 3.5511811 2.2598425 2 P 0
L 3.5118111 2.4015748 3.5511811 2.4015748 2 P 0
L 3.5314961 2.2401574 3.5314961 2.2795275 2 P 0
L 3.5314961 2.3818897 3.5314961 2.4212598 2 P 0
L 3.605315 2.1909448 3.605315 2.3287401 1 P 0
L 3.605315 2.3326771 3.605315 2.4704724 1 P 0
L 3.855315 1.3444881 3.855315 1.4822834 1 P 0
L 3.855315 1.3444881 4.101378 1.3444881 1 P 0
L 3.855315 1.4822834 4.101378 1.4822834 1 P 0
L 3.9586614 1.4133858 3.9980315 1.4133858 2 P 0
L 3.9783465 1.3937007 3.9783465 1.4330708 2 P 0
L 4.101378 1.3444881 4.101378 1.4822834 1 P 0
L 4.1338583 0.0787402 5.3543308 0.0787402 0 P 0
L 4.3308681 2.6504762 4.3508681 2.6504762 2 P 0
L 4.3408681 2.6404762 4.3408681 2.6604762 2 P 0
L 4.7484251 0.5793306 4.7484251 0.7505904 1 P 0
L 4.7484251 0.5793306 4.897244 0.5793306 1 P 0
L 4.7484251 0.7505904 4.897244 0.7505904 1 P 0
L 4.7484251 0.756496 4.7484251 0.9277558 1 P 0
L 4.7484251 0.756496 4.897244 0.756496 1 P 0
L 4.7484251 0.9277558 4.897244 0.9277558 1 P 0
L 4.7484251 0.9336613 4.7484251 1.1049211 1 P 0
L 4.7484251 0.9336613 4.897244 0.9336613 1 P 0
L 4.7484251 1.1049211 4.897244 1.1049211 1 P 0
L 4.8031495 0.6649605 4.8425196 0.6649605 2 P 0
L 4.8031495 0.8421259 4.8425196 0.8421259 2 P 0
L 4.8031495 1.0192912 4.8425196 1.0192912 2 P 0
L 4.8228346 0.6452755 4.8228346 0.6846455 2 P 0
L 4.8228346 0.8224409 4.8228346 0.8618109 2 P 0
L 4.8228346 0.9996062 4.8228346 1.0389762 2 P 0
L 4.897244 0.5793306 4.897244 0.7505904 1 P 0
L 4.897244 0.756496 4.897244 0.9277558 1 P 0
L 4.897244 0.9336613 4.897244 1.1049211 1 P 0
L 5.0492126 1.7421259 5.0492126 2.1161417 4 P 0
L 5.0492126 1.7421259 5.1870078 1.7421259 4 P 0
L 5.0492126 2.1161417 5.1870078 2.1161417 4 P 0
L 5.1870078 1.7421259 5.1870078 2.1161417 4 P 0
L 5.3543308 0.0787402 5.4330709 0.1574803 0 P 0
L 5.4330709 0.1574803 5.4330709 2.3622047 0 P 0
S P 0
OB 0.8816496 2.3425 I
OS 0.8976496 2.3425
OS 0.8976496 2.6575
OS 0.8816496 2.6575
OS 0.8816496 2.6715
OS 1.2246496 2.6715
OS 1.2246496 2.6575
OS 1.2086496 2.6575
OS 1.2086496 2.3425
OS 1.2246496 2.3425
OS 1.2246496 2.3285
OS 0.8816496 2.3285
OS 0.8816496 2.3425
OE
SE
S P 0
OB 2.3737851 2.411307 I
OS 2.3737851 2.409307
OS 2.1297851 2.409307
OS 2.1297851 2.411307
OS 2.1197851 2.411307
OS 2.1197851 2.675307
OS 2.1297851 2.675307
OS 2.1297851 2.677307
OS 2.3737851 2.677307
OS 2.3737851 2.675307
OS 2.3837851 2.675307
OS 2.3837851 2.411307
OS 2.3737851 2.411307
OE
SE
